{
 "cells": [
  {
   "attachments": {},
   "cell_type": "markdown",
   "metadata": {},
   "source": [
    "데이터 보기"
   ]
  },
  {
   "cell_type": "code",
   "execution_count": 1,
   "metadata": {},
   "outputs": [
    {
     "data": {
      "text/html": [
       "<div>\n",
       "<style scoped>\n",
       "    .dataframe tbody tr th:only-of-type {\n",
       "        vertical-align: middle;\n",
       "    }\n",
       "\n",
       "    .dataframe tbody tr th {\n",
       "        vertical-align: top;\n",
       "    }\n",
       "\n",
       "    .dataframe thead th {\n",
       "        text-align: right;\n",
       "    }\n",
       "</style>\n",
       "<table border=\"1\" class=\"dataframe\">\n",
       "  <thead>\n",
       "    <tr style=\"text-align: right;\">\n",
       "      <th></th>\n",
       "      <th>행정구역(시군구)별</th>\n",
       "      <th>총전입 (명)</th>\n",
       "      <th>총전출 (명)</th>\n",
       "      <th>순이동 (명)</th>\n",
       "      <th>시도내이동-시군구내 (명)</th>\n",
       "      <th>시도내이동-시군구간 전입 (명)</th>\n",
       "      <th>시도내이동-시군구간 전출 (명)</th>\n",
       "      <th>시도간전입 (명)</th>\n",
       "      <th>시도간전출 (명)</th>\n",
       "    </tr>\n",
       "  </thead>\n",
       "  <tbody>\n",
       "    <tr>\n",
       "      <th>0</th>\n",
       "      <td>전국</td>\n",
       "      <td>506100</td>\n",
       "      <td>506100</td>\n",
       "      <td>0</td>\n",
       "      <td>164141</td>\n",
       "      <td>145923</td>\n",
       "      <td>145923</td>\n",
       "      <td>196036</td>\n",
       "      <td>196036</td>\n",
       "    </tr>\n",
       "    <tr>\n",
       "      <th>1</th>\n",
       "      <td>서울특별시</td>\n",
       "      <td>91225</td>\n",
       "      <td>94248</td>\n",
       "      <td>-3023</td>\n",
       "      <td>19465</td>\n",
       "      <td>35007</td>\n",
       "      <td>35007</td>\n",
       "      <td>36753</td>\n",
       "      <td>39776</td>\n",
       "    </tr>\n",
       "    <tr>\n",
       "      <th>2</th>\n",
       "      <td>부산광역시</td>\n",
       "      <td>31180</td>\n",
       "      <td>31800</td>\n",
       "      <td>-620</td>\n",
       "      <td>8601</td>\n",
       "      <td>12723</td>\n",
       "      <td>12723</td>\n",
       "      <td>9856</td>\n",
       "      <td>10476</td>\n",
       "    </tr>\n",
       "    <tr>\n",
       "      <th>3</th>\n",
       "      <td>대구광역시</td>\n",
       "      <td>22316</td>\n",
       "      <td>22557</td>\n",
       "      <td>-241</td>\n",
       "      <td>5853</td>\n",
       "      <td>8343</td>\n",
       "      <td>8343</td>\n",
       "      <td>8120</td>\n",
       "      <td>8361</td>\n",
       "    </tr>\n",
       "    <tr>\n",
       "      <th>4</th>\n",
       "      <td>인천광역시</td>\n",
       "      <td>30920</td>\n",
       "      <td>28525</td>\n",
       "      <td>2395</td>\n",
       "      <td>8797</td>\n",
       "      <td>8747</td>\n",
       "      <td>8747</td>\n",
       "      <td>13376</td>\n",
       "      <td>10981</td>\n",
       "    </tr>\n",
       "    <tr>\n",
       "      <th>5</th>\n",
       "      <td>광주광역시</td>\n",
       "      <td>13713</td>\n",
       "      <td>14728</td>\n",
       "      <td>-1015</td>\n",
       "      <td>4163</td>\n",
       "      <td>4449</td>\n",
       "      <td>4449</td>\n",
       "      <td>5101</td>\n",
       "      <td>6116</td>\n",
       "    </tr>\n",
       "    <tr>\n",
       "      <th>6</th>\n",
       "      <td>대전광역시</td>\n",
       "      <td>17265</td>\n",
       "      <td>17351</td>\n",
       "      <td>-86</td>\n",
       "      <td>4361</td>\n",
       "      <td>5374</td>\n",
       "      <td>5374</td>\n",
       "      <td>7530</td>\n",
       "      <td>7616</td>\n",
       "    </tr>\n",
       "    <tr>\n",
       "      <th>7</th>\n",
       "      <td>울산광역시</td>\n",
       "      <td>8741</td>\n",
       "      <td>9304</td>\n",
       "      <td>-563</td>\n",
       "      <td>2451</td>\n",
       "      <td>2682</td>\n",
       "      <td>2682</td>\n",
       "      <td>3608</td>\n",
       "      <td>4171</td>\n",
       "    </tr>\n",
       "    <tr>\n",
       "      <th>8</th>\n",
       "      <td>세종특별자치시</td>\n",
       "      <td>6221</td>\n",
       "      <td>5459</td>\n",
       "      <td>762</td>\n",
       "      <td>2113</td>\n",
       "      <td>0</td>\n",
       "      <td>0</td>\n",
       "      <td>4108</td>\n",
       "      <td>3346</td>\n",
       "    </tr>\n",
       "    <tr>\n",
       "      <th>9</th>\n",
       "      <td>경기도</td>\n",
       "      <td>138044</td>\n",
       "      <td>131506</td>\n",
       "      <td>6538</td>\n",
       "      <td>49237</td>\n",
       "      <td>40497</td>\n",
       "      <td>40497</td>\n",
       "      <td>48310</td>\n",
       "      <td>41772</td>\n",
       "    </tr>\n",
       "    <tr>\n",
       "      <th>10</th>\n",
       "      <td>강원도</td>\n",
       "      <td>14581</td>\n",
       "      <td>15097</td>\n",
       "      <td>-516</td>\n",
       "      <td>5545</td>\n",
       "      <td>2728</td>\n",
       "      <td>2728</td>\n",
       "      <td>6308</td>\n",
       "      <td>6824</td>\n",
       "    </tr>\n",
       "    <tr>\n",
       "      <th>11</th>\n",
       "      <td>충청북도</td>\n",
       "      <td>16205</td>\n",
       "      <td>16268</td>\n",
       "      <td>-63</td>\n",
       "      <td>7406</td>\n",
       "      <td>1949</td>\n",
       "      <td>1949</td>\n",
       "      <td>6850</td>\n",
       "      <td>6913</td>\n",
       "    </tr>\n",
       "    <tr>\n",
       "      <th>12</th>\n",
       "      <td>충청남도</td>\n",
       "      <td>24994</td>\n",
       "      <td>24311</td>\n",
       "      <td>683</td>\n",
       "      <td>9469</td>\n",
       "      <td>4628</td>\n",
       "      <td>4628</td>\n",
       "      <td>10897</td>\n",
       "      <td>10214</td>\n",
       "    </tr>\n",
       "    <tr>\n",
       "      <th>13</th>\n",
       "      <td>전라북도</td>\n",
       "      <td>17200</td>\n",
       "      <td>17690</td>\n",
       "      <td>-490</td>\n",
       "      <td>7552</td>\n",
       "      <td>4269</td>\n",
       "      <td>4269</td>\n",
       "      <td>5379</td>\n",
       "      <td>5869</td>\n",
       "    </tr>\n",
       "    <tr>\n",
       "      <th>14</th>\n",
       "      <td>전라남도</td>\n",
       "      <td>16554</td>\n",
       "      <td>16528</td>\n",
       "      <td>26</td>\n",
       "      <td>5982</td>\n",
       "      <td>3617</td>\n",
       "      <td>3617</td>\n",
       "      <td>6955</td>\n",
       "      <td>6929</td>\n",
       "    </tr>\n",
       "    <tr>\n",
       "      <th>15</th>\n",
       "      <td>경상북도</td>\n",
       "      <td>22636</td>\n",
       "      <td>24286</td>\n",
       "      <td>-1650</td>\n",
       "      <td>8432</td>\n",
       "      <td>4424</td>\n",
       "      <td>4424</td>\n",
       "      <td>9780</td>\n",
       "      <td>11430</td>\n",
       "    </tr>\n",
       "    <tr>\n",
       "      <th>16</th>\n",
       "      <td>경상남도</td>\n",
       "      <td>26104</td>\n",
       "      <td>27646</td>\n",
       "      <td>-1542</td>\n",
       "      <td>10521</td>\n",
       "      <td>5632</td>\n",
       "      <td>5632</td>\n",
       "      <td>9951</td>\n",
       "      <td>11493</td>\n",
       "    </tr>\n",
       "    <tr>\n",
       "      <th>17</th>\n",
       "      <td>제주특별자치도</td>\n",
       "      <td>8201</td>\n",
       "      <td>8796</td>\n",
       "      <td>-595</td>\n",
       "      <td>4193</td>\n",
       "      <td>854</td>\n",
       "      <td>854</td>\n",
       "      <td>3154</td>\n",
       "      <td>3749</td>\n",
       "    </tr>\n",
       "  </tbody>\n",
       "</table>\n",
       "</div>"
      ],
      "text/plain": [
       "   행정구역(시군구)별  총전입 (명)  총전출 (명)  순이동 (명)  시도내이동-시군구내 (명)  시도내이동-시군구간 전입 (명)  \\\n",
       "0          전국   506100   506100        0          164141             145923   \n",
       "1       서울특별시    91225    94248    -3023           19465              35007   \n",
       "2       부산광역시    31180    31800     -620            8601              12723   \n",
       "3       대구광역시    22316    22557     -241            5853               8343   \n",
       "4       인천광역시    30920    28525     2395            8797               8747   \n",
       "5       광주광역시    13713    14728    -1015            4163               4449   \n",
       "6       대전광역시    17265    17351      -86            4361               5374   \n",
       "7       울산광역시     8741     9304     -563            2451               2682   \n",
       "8     세종특별자치시     6221     5459      762            2113                  0   \n",
       "9         경기도   138044   131506     6538           49237              40497   \n",
       "10        강원도    14581    15097     -516            5545               2728   \n",
       "11       충청북도    16205    16268      -63            7406               1949   \n",
       "12       충청남도    24994    24311      683            9469               4628   \n",
       "13       전라북도    17200    17690     -490            7552               4269   \n",
       "14       전라남도    16554    16528       26            5982               3617   \n",
       "15       경상북도    22636    24286    -1650            8432               4424   \n",
       "16       경상남도    26104    27646    -1542           10521               5632   \n",
       "17    제주특별자치도     8201     8796     -595            4193                854   \n",
       "\n",
       "    시도내이동-시군구간 전출 (명)  시도간전입 (명)  시도간전출 (명)  \n",
       "0              145923     196036     196036  \n",
       "1               35007      36753      39776  \n",
       "2               12723       9856      10476  \n",
       "3                8343       8120       8361  \n",
       "4                8747      13376      10981  \n",
       "5                4449       5101       6116  \n",
       "6                5374       7530       7616  \n",
       "7                2682       3608       4171  \n",
       "8                   0       4108       3346  \n",
       "9               40497      48310      41772  \n",
       "10               2728       6308       6824  \n",
       "11               1949       6850       6913  \n",
       "12               4628      10897      10214  \n",
       "13               4269       5379       5869  \n",
       "14               3617       6955       6929  \n",
       "15               4424       9780      11430  \n",
       "16               5632       9951      11493  \n",
       "17                854       3154       3749  "
      ]
     },
     "execution_count": 1,
     "metadata": {},
     "output_type": "execute_result"
    }
   ],
   "source": [
    "#라이브러리 불러오기\n",
    "import pandas as pd \n",
    "\n",
    "#파일경로를 찾고 변수 file_path에 저장\n",
    "file_path= 'C:/data/moved2.xlsx'\n",
    "\n",
    "#read_excel()함수로 데이터프레임 변환 \n",
    "df = pd.read_excel(file_path)\n",
    "\n",
    "#데이터프레임 출력\n",
    "df"
   ]
  },
  {
   "attachments": {},
   "cell_type": "markdown",
   "metadata": {},
   "source": [
    "데이터 유형 보기"
   ]
  },
  {
   "cell_type": "code",
   "execution_count": 2,
   "metadata": {},
   "outputs": [
    {
     "data": {
      "text/plain": [
       "행정구역(시군구)별           18\n",
       "총전입 (명)              18\n",
       "총전출 (명)              18\n",
       "순이동 (명)              18\n",
       "시도내이동-시군구내 (명)       18\n",
       "시도내이동-시군구간 전입 (명)    18\n",
       "시도내이동-시군구간 전출 (명)    18\n",
       "시도간전입 (명)            18\n",
       "시도간전출 (명)            18\n",
       "dtype: int64"
      ]
     },
     "execution_count": 2,
     "metadata": {},
     "output_type": "execute_result"
    }
   ],
   "source": [
    "df.count()"
   ]
  },
  {
   "cell_type": "code",
   "execution_count": 3,
   "metadata": {},
   "outputs": [
    {
     "data": {
      "text/plain": [
       "행정구역(시군구)별           object\n",
       "총전입 (명)               int64\n",
       "총전출 (명)               int64\n",
       "순이동 (명)               int64\n",
       "시도내이동-시군구내 (명)        int64\n",
       "시도내이동-시군구간 전입 (명)     int64\n",
       "시도내이동-시군구간 전출 (명)     int64\n",
       "시도간전입 (명)             int64\n",
       "시도간전출 (명)             int64\n",
       "dtype: object"
      ]
     },
     "execution_count": 3,
     "metadata": {},
     "output_type": "execute_result"
    }
   ],
   "source": [
    "df.dtypes"
   ]
  },
  {
   "cell_type": "code",
   "execution_count": 4,
   "metadata": {},
   "outputs": [
    {
     "name": "stdout",
     "output_type": "stream",
     "text": [
      "총전입 (명)              56233.333333\n",
      "총전출 (명)              56233.333333\n",
      "순이동 (명)                  0.000000\n",
      "시도내이동-시군구내 (명)       18237.888889\n",
      "시도내이동-시군구간 전입 (명)    16213.666667\n",
      "시도내이동-시군구간 전출 (명)    16213.666667\n",
      "시도간전입 (명)            21781.777778\n",
      "시도간전출 (명)            21781.777778\n",
      "dtype: float64\n"
     ]
    },
    {
     "name": "stderr",
     "output_type": "stream",
     "text": [
      "C:\\Users\\hbdla\\AppData\\Local\\Temp\\ipykernel_19756\\3103368618.py:1: FutureWarning: Dropping of nuisance columns in DataFrame reductions (with 'numeric_only=None') is deprecated; in a future version this will raise TypeError.  Select only valid columns before calling the reduction.\n",
      "  column_means = df.mean(axis=0)\n"
     ]
    }
   ],
   "source": [
    "column_means = df.mean(axis=0)\n",
    "print(column_means)"
   ]
  },
  {
   "cell_type": "code",
   "execution_count": 5,
   "metadata": {},
   "outputs": [
    {
     "data": {
      "text/html": [
       "<div>\n",
       "<style scoped>\n",
       "    .dataframe tbody tr th:only-of-type {\n",
       "        vertical-align: middle;\n",
       "    }\n",
       "\n",
       "    .dataframe tbody tr th {\n",
       "        vertical-align: top;\n",
       "    }\n",
       "\n",
       "    .dataframe thead th {\n",
       "        text-align: right;\n",
       "    }\n",
       "</style>\n",
       "<table border=\"1\" class=\"dataframe\">\n",
       "  <thead>\n",
       "    <tr style=\"text-align: right;\">\n",
       "      <th></th>\n",
       "      <th>총전입 (명)</th>\n",
       "      <th>총전출 (명)</th>\n",
       "      <th>순이동 (명)</th>\n",
       "      <th>시도내이동-시군구내 (명)</th>\n",
       "      <th>시도내이동-시군구간 전입 (명)</th>\n",
       "      <th>시도내이동-시군구간 전출 (명)</th>\n",
       "      <th>시도간전입 (명)</th>\n",
       "      <th>시도간전출 (명)</th>\n",
       "    </tr>\n",
       "    <tr>\n",
       "      <th>행정구역(시군구)별</th>\n",
       "      <th></th>\n",
       "      <th></th>\n",
       "      <th></th>\n",
       "      <th></th>\n",
       "      <th></th>\n",
       "      <th></th>\n",
       "      <th></th>\n",
       "      <th></th>\n",
       "    </tr>\n",
       "  </thead>\n",
       "  <tbody>\n",
       "    <tr>\n",
       "      <th>강원도</th>\n",
       "      <td>14581.0</td>\n",
       "      <td>15097.0</td>\n",
       "      <td>-516.0</td>\n",
       "      <td>5545.0</td>\n",
       "      <td>2728.0</td>\n",
       "      <td>2728.0</td>\n",
       "      <td>6308.0</td>\n",
       "      <td>6824.0</td>\n",
       "    </tr>\n",
       "    <tr>\n",
       "      <th>경기도</th>\n",
       "      <td>138044.0</td>\n",
       "      <td>131506.0</td>\n",
       "      <td>6538.0</td>\n",
       "      <td>49237.0</td>\n",
       "      <td>40497.0</td>\n",
       "      <td>40497.0</td>\n",
       "      <td>48310.0</td>\n",
       "      <td>41772.0</td>\n",
       "    </tr>\n",
       "    <tr>\n",
       "      <th>경상남도</th>\n",
       "      <td>26104.0</td>\n",
       "      <td>27646.0</td>\n",
       "      <td>-1542.0</td>\n",
       "      <td>10521.0</td>\n",
       "      <td>5632.0</td>\n",
       "      <td>5632.0</td>\n",
       "      <td>9951.0</td>\n",
       "      <td>11493.0</td>\n",
       "    </tr>\n",
       "    <tr>\n",
       "      <th>경상북도</th>\n",
       "      <td>22636.0</td>\n",
       "      <td>24286.0</td>\n",
       "      <td>-1650.0</td>\n",
       "      <td>8432.0</td>\n",
       "      <td>4424.0</td>\n",
       "      <td>4424.0</td>\n",
       "      <td>9780.0</td>\n",
       "      <td>11430.0</td>\n",
       "    </tr>\n",
       "    <tr>\n",
       "      <th>광주광역시</th>\n",
       "      <td>13713.0</td>\n",
       "      <td>14728.0</td>\n",
       "      <td>-1015.0</td>\n",
       "      <td>4163.0</td>\n",
       "      <td>4449.0</td>\n",
       "      <td>4449.0</td>\n",
       "      <td>5101.0</td>\n",
       "      <td>6116.0</td>\n",
       "    </tr>\n",
       "    <tr>\n",
       "      <th>대구광역시</th>\n",
       "      <td>22316.0</td>\n",
       "      <td>22557.0</td>\n",
       "      <td>-241.0</td>\n",
       "      <td>5853.0</td>\n",
       "      <td>8343.0</td>\n",
       "      <td>8343.0</td>\n",
       "      <td>8120.0</td>\n",
       "      <td>8361.0</td>\n",
       "    </tr>\n",
       "    <tr>\n",
       "      <th>대전광역시</th>\n",
       "      <td>17265.0</td>\n",
       "      <td>17351.0</td>\n",
       "      <td>-86.0</td>\n",
       "      <td>4361.0</td>\n",
       "      <td>5374.0</td>\n",
       "      <td>5374.0</td>\n",
       "      <td>7530.0</td>\n",
       "      <td>7616.0</td>\n",
       "    </tr>\n",
       "    <tr>\n",
       "      <th>부산광역시</th>\n",
       "      <td>31180.0</td>\n",
       "      <td>31800.0</td>\n",
       "      <td>-620.0</td>\n",
       "      <td>8601.0</td>\n",
       "      <td>12723.0</td>\n",
       "      <td>12723.0</td>\n",
       "      <td>9856.0</td>\n",
       "      <td>10476.0</td>\n",
       "    </tr>\n",
       "    <tr>\n",
       "      <th>서울특별시</th>\n",
       "      <td>91225.0</td>\n",
       "      <td>94248.0</td>\n",
       "      <td>-3023.0</td>\n",
       "      <td>19465.0</td>\n",
       "      <td>35007.0</td>\n",
       "      <td>35007.0</td>\n",
       "      <td>36753.0</td>\n",
       "      <td>39776.0</td>\n",
       "    </tr>\n",
       "    <tr>\n",
       "      <th>세종특별자치시</th>\n",
       "      <td>6221.0</td>\n",
       "      <td>5459.0</td>\n",
       "      <td>762.0</td>\n",
       "      <td>2113.0</td>\n",
       "      <td>0.0</td>\n",
       "      <td>0.0</td>\n",
       "      <td>4108.0</td>\n",
       "      <td>3346.0</td>\n",
       "    </tr>\n",
       "    <tr>\n",
       "      <th>울산광역시</th>\n",
       "      <td>8741.0</td>\n",
       "      <td>9304.0</td>\n",
       "      <td>-563.0</td>\n",
       "      <td>2451.0</td>\n",
       "      <td>2682.0</td>\n",
       "      <td>2682.0</td>\n",
       "      <td>3608.0</td>\n",
       "      <td>4171.0</td>\n",
       "    </tr>\n",
       "    <tr>\n",
       "      <th>인천광역시</th>\n",
       "      <td>30920.0</td>\n",
       "      <td>28525.0</td>\n",
       "      <td>2395.0</td>\n",
       "      <td>8797.0</td>\n",
       "      <td>8747.0</td>\n",
       "      <td>8747.0</td>\n",
       "      <td>13376.0</td>\n",
       "      <td>10981.0</td>\n",
       "    </tr>\n",
       "    <tr>\n",
       "      <th>전국</th>\n",
       "      <td>506100.0</td>\n",
       "      <td>506100.0</td>\n",
       "      <td>0.0</td>\n",
       "      <td>164141.0</td>\n",
       "      <td>145923.0</td>\n",
       "      <td>145923.0</td>\n",
       "      <td>196036.0</td>\n",
       "      <td>196036.0</td>\n",
       "    </tr>\n",
       "    <tr>\n",
       "      <th>전라남도</th>\n",
       "      <td>16554.0</td>\n",
       "      <td>16528.0</td>\n",
       "      <td>26.0</td>\n",
       "      <td>5982.0</td>\n",
       "      <td>3617.0</td>\n",
       "      <td>3617.0</td>\n",
       "      <td>6955.0</td>\n",
       "      <td>6929.0</td>\n",
       "    </tr>\n",
       "    <tr>\n",
       "      <th>전라북도</th>\n",
       "      <td>17200.0</td>\n",
       "      <td>17690.0</td>\n",
       "      <td>-490.0</td>\n",
       "      <td>7552.0</td>\n",
       "      <td>4269.0</td>\n",
       "      <td>4269.0</td>\n",
       "      <td>5379.0</td>\n",
       "      <td>5869.0</td>\n",
       "    </tr>\n",
       "    <tr>\n",
       "      <th>제주특별자치도</th>\n",
       "      <td>8201.0</td>\n",
       "      <td>8796.0</td>\n",
       "      <td>-595.0</td>\n",
       "      <td>4193.0</td>\n",
       "      <td>854.0</td>\n",
       "      <td>854.0</td>\n",
       "      <td>3154.0</td>\n",
       "      <td>3749.0</td>\n",
       "    </tr>\n",
       "    <tr>\n",
       "      <th>충청남도</th>\n",
       "      <td>24994.0</td>\n",
       "      <td>24311.0</td>\n",
       "      <td>683.0</td>\n",
       "      <td>9469.0</td>\n",
       "      <td>4628.0</td>\n",
       "      <td>4628.0</td>\n",
       "      <td>10897.0</td>\n",
       "      <td>10214.0</td>\n",
       "    </tr>\n",
       "    <tr>\n",
       "      <th>충청북도</th>\n",
       "      <td>16205.0</td>\n",
       "      <td>16268.0</td>\n",
       "      <td>-63.0</td>\n",
       "      <td>7406.0</td>\n",
       "      <td>1949.0</td>\n",
       "      <td>1949.0</td>\n",
       "      <td>6850.0</td>\n",
       "      <td>6913.0</td>\n",
       "    </tr>\n",
       "  </tbody>\n",
       "</table>\n",
       "</div>"
      ],
      "text/plain": [
       "             총전입 (명)   총전출 (명)  순이동 (명)  시도내이동-시군구내 (명)  시도내이동-시군구간 전입 (명)  \\\n",
       "행정구역(시군구)별                                                                   \n",
       "강원도          14581.0   15097.0   -516.0          5545.0             2728.0   \n",
       "경기도         138044.0  131506.0   6538.0         49237.0            40497.0   \n",
       "경상남도         26104.0   27646.0  -1542.0         10521.0             5632.0   \n",
       "경상북도         22636.0   24286.0  -1650.0          8432.0             4424.0   \n",
       "광주광역시        13713.0   14728.0  -1015.0          4163.0             4449.0   \n",
       "대구광역시        22316.0   22557.0   -241.0          5853.0             8343.0   \n",
       "대전광역시        17265.0   17351.0    -86.0          4361.0             5374.0   \n",
       "부산광역시        31180.0   31800.0   -620.0          8601.0            12723.0   \n",
       "서울특별시        91225.0   94248.0  -3023.0         19465.0            35007.0   \n",
       "세종특별자치시       6221.0    5459.0    762.0          2113.0                0.0   \n",
       "울산광역시         8741.0    9304.0   -563.0          2451.0             2682.0   \n",
       "인천광역시        30920.0   28525.0   2395.0          8797.0             8747.0   \n",
       "전국          506100.0  506100.0      0.0        164141.0           145923.0   \n",
       "전라남도         16554.0   16528.0     26.0          5982.0             3617.0   \n",
       "전라북도         17200.0   17690.0   -490.0          7552.0             4269.0   \n",
       "제주특별자치도       8201.0    8796.0   -595.0          4193.0              854.0   \n",
       "충청남도         24994.0   24311.0    683.0          9469.0             4628.0   \n",
       "충청북도         16205.0   16268.0    -63.0          7406.0             1949.0   \n",
       "\n",
       "            시도내이동-시군구간 전출 (명)  시도간전입 (명)  시도간전출 (명)  \n",
       "행정구역(시군구)별                                           \n",
       "강원도                    2728.0     6308.0     6824.0  \n",
       "경기도                   40497.0    48310.0    41772.0  \n",
       "경상남도                   5632.0     9951.0    11493.0  \n",
       "경상북도                   4424.0     9780.0    11430.0  \n",
       "광주광역시                  4449.0     5101.0     6116.0  \n",
       "대구광역시                  8343.0     8120.0     8361.0  \n",
       "대전광역시                  5374.0     7530.0     7616.0  \n",
       "부산광역시                 12723.0     9856.0    10476.0  \n",
       "서울특별시                 35007.0    36753.0    39776.0  \n",
       "세종특별자치시                   0.0     4108.0     3346.0  \n",
       "울산광역시                  2682.0     3608.0     4171.0  \n",
       "인천광역시                  8747.0    13376.0    10981.0  \n",
       "전국                   145923.0   196036.0   196036.0  \n",
       "전라남도                   3617.0     6955.0     6929.0  \n",
       "전라북도                   4269.0     5379.0     5869.0  \n",
       "제주특별자치도                 854.0     3154.0     3749.0  \n",
       "충청남도                   4628.0    10897.0    10214.0  \n",
       "충청북도                   1949.0     6850.0     6913.0  "
      ]
     },
     "execution_count": 5,
     "metadata": {},
     "output_type": "execute_result"
    }
   ],
   "source": [
    "df.groupby(['행정구역(시군구)별']).mean()"
   ]
  },
  {
   "attachments": {},
   "cell_type": "markdown",
   "metadata": {},
   "source": [
    "데이터 클린징"
   ]
  },
  {
   "cell_type": "code",
   "execution_count": 6,
   "metadata": {},
   "outputs": [
    {
     "data": {
      "text/html": [
       "<div>\n",
       "<style scoped>\n",
       "    .dataframe tbody tr th:only-of-type {\n",
       "        vertical-align: middle;\n",
       "    }\n",
       "\n",
       "    .dataframe tbody tr th {\n",
       "        vertical-align: top;\n",
       "    }\n",
       "\n",
       "    .dataframe thead th {\n",
       "        text-align: right;\n",
       "    }\n",
       "</style>\n",
       "<table border=\"1\" class=\"dataframe\">\n",
       "  <thead>\n",
       "    <tr style=\"text-align: right;\">\n",
       "      <th></th>\n",
       "      <th>행정구역(시군구)별</th>\n",
       "      <th>총전입 (명)</th>\n",
       "      <th>총전출 (명)</th>\n",
       "      <th>순이동 (명)</th>\n",
       "    </tr>\n",
       "  </thead>\n",
       "  <tbody>\n",
       "    <tr>\n",
       "      <th>0</th>\n",
       "      <td>전국</td>\n",
       "      <td>506100</td>\n",
       "      <td>506100</td>\n",
       "      <td>0</td>\n",
       "    </tr>\n",
       "    <tr>\n",
       "      <th>1</th>\n",
       "      <td>서울특별시</td>\n",
       "      <td>91225</td>\n",
       "      <td>94248</td>\n",
       "      <td>-3023</td>\n",
       "    </tr>\n",
       "    <tr>\n",
       "      <th>2</th>\n",
       "      <td>부산광역시</td>\n",
       "      <td>31180</td>\n",
       "      <td>31800</td>\n",
       "      <td>-620</td>\n",
       "    </tr>\n",
       "    <tr>\n",
       "      <th>3</th>\n",
       "      <td>대구광역시</td>\n",
       "      <td>22316</td>\n",
       "      <td>22557</td>\n",
       "      <td>-241</td>\n",
       "    </tr>\n",
       "    <tr>\n",
       "      <th>4</th>\n",
       "      <td>인천광역시</td>\n",
       "      <td>30920</td>\n",
       "      <td>28525</td>\n",
       "      <td>2395</td>\n",
       "    </tr>\n",
       "    <tr>\n",
       "      <th>5</th>\n",
       "      <td>광주광역시</td>\n",
       "      <td>13713</td>\n",
       "      <td>14728</td>\n",
       "      <td>-1015</td>\n",
       "    </tr>\n",
       "    <tr>\n",
       "      <th>6</th>\n",
       "      <td>대전광역시</td>\n",
       "      <td>17265</td>\n",
       "      <td>17351</td>\n",
       "      <td>-86</td>\n",
       "    </tr>\n",
       "    <tr>\n",
       "      <th>7</th>\n",
       "      <td>울산광역시</td>\n",
       "      <td>8741</td>\n",
       "      <td>9304</td>\n",
       "      <td>-563</td>\n",
       "    </tr>\n",
       "    <tr>\n",
       "      <th>8</th>\n",
       "      <td>세종특별자치시</td>\n",
       "      <td>6221</td>\n",
       "      <td>5459</td>\n",
       "      <td>762</td>\n",
       "    </tr>\n",
       "    <tr>\n",
       "      <th>9</th>\n",
       "      <td>경기도</td>\n",
       "      <td>138044</td>\n",
       "      <td>131506</td>\n",
       "      <td>6538</td>\n",
       "    </tr>\n",
       "    <tr>\n",
       "      <th>10</th>\n",
       "      <td>강원도</td>\n",
       "      <td>14581</td>\n",
       "      <td>15097</td>\n",
       "      <td>-516</td>\n",
       "    </tr>\n",
       "    <tr>\n",
       "      <th>11</th>\n",
       "      <td>충청북도</td>\n",
       "      <td>16205</td>\n",
       "      <td>16268</td>\n",
       "      <td>-63</td>\n",
       "    </tr>\n",
       "    <tr>\n",
       "      <th>12</th>\n",
       "      <td>충청남도</td>\n",
       "      <td>24994</td>\n",
       "      <td>24311</td>\n",
       "      <td>683</td>\n",
       "    </tr>\n",
       "    <tr>\n",
       "      <th>13</th>\n",
       "      <td>전라북도</td>\n",
       "      <td>17200</td>\n",
       "      <td>17690</td>\n",
       "      <td>-490</td>\n",
       "    </tr>\n",
       "    <tr>\n",
       "      <th>14</th>\n",
       "      <td>전라남도</td>\n",
       "      <td>16554</td>\n",
       "      <td>16528</td>\n",
       "      <td>26</td>\n",
       "    </tr>\n",
       "    <tr>\n",
       "      <th>15</th>\n",
       "      <td>경상북도</td>\n",
       "      <td>22636</td>\n",
       "      <td>24286</td>\n",
       "      <td>-1650</td>\n",
       "    </tr>\n",
       "    <tr>\n",
       "      <th>16</th>\n",
       "      <td>경상남도</td>\n",
       "      <td>26104</td>\n",
       "      <td>27646</td>\n",
       "      <td>-1542</td>\n",
       "    </tr>\n",
       "    <tr>\n",
       "      <th>17</th>\n",
       "      <td>제주특별자치도</td>\n",
       "      <td>8201</td>\n",
       "      <td>8796</td>\n",
       "      <td>-595</td>\n",
       "    </tr>\n",
       "  </tbody>\n",
       "</table>\n",
       "</div>"
      ],
      "text/plain": [
       "   행정구역(시군구)별  총전입 (명)  총전출 (명)  순이동 (명)\n",
       "0          전국   506100   506100        0\n",
       "1       서울특별시    91225    94248    -3023\n",
       "2       부산광역시    31180    31800     -620\n",
       "3       대구광역시    22316    22557     -241\n",
       "4       인천광역시    30920    28525     2395\n",
       "5       광주광역시    13713    14728    -1015\n",
       "6       대전광역시    17265    17351      -86\n",
       "7       울산광역시     8741     9304     -563\n",
       "8     세종특별자치시     6221     5459      762\n",
       "9         경기도   138044   131506     6538\n",
       "10        강원도    14581    15097     -516\n",
       "11       충청북도    16205    16268      -63\n",
       "12       충청남도    24994    24311      683\n",
       "13       전라북도    17200    17690     -490\n",
       "14       전라남도    16554    16528       26\n",
       "15       경상북도    22636    24286    -1650\n",
       "16       경상남도    26104    27646    -1542\n",
       "17    제주특별자치도     8201     8796     -595"
      ]
     },
     "execution_count": 6,
     "metadata": {},
     "output_type": "execute_result"
    }
   ],
   "source": [
    "df = df.drop(df.columns[4:9], axis=1)\n",
    "df"
   ]
  },
  {
   "attachments": {},
   "cell_type": "markdown",
   "metadata": {},
   "source": [
    "이상데이터 확인을 위한 총전입에서 총전출을 빼 직접검증하는 코드"
   ]
  },
  {
   "cell_type": "code",
   "execution_count": 7,
   "metadata": {},
   "outputs": [
    {
     "name": "stdout",
     "output_type": "stream",
     "text": [
      "0        0\n",
      "1    -3023\n",
      "2     -620\n",
      "3     -241\n",
      "4     2395\n",
      "5    -1015\n",
      "6      -86\n",
      "7     -563\n",
      "8      762\n",
      "9     6538\n",
      "10    -516\n",
      "11     -63\n",
      "12     683\n",
      "13    -490\n",
      "14      26\n",
      "15   -1650\n",
      "16   -1542\n",
      "17    -595\n",
      "Name: 순이동 검증, dtype: int64\n"
     ]
    }
   ],
   "source": [
    "df['순이동 검증'] = df['총전입 (명)'] - df['총전출 (명)']\n",
    "print(df['순이동 검증'])"
   ]
  },
  {
   "attachments": {},
   "cell_type": "markdown",
   "metadata": {},
   "source": [
    "순이동 자 수가 필요없다고 판단하여 클린징"
   ]
  },
  {
   "cell_type": "code",
   "execution_count": 8,
   "metadata": {},
   "outputs": [
    {
     "data": {
      "text/html": [
       "<div>\n",
       "<style scoped>\n",
       "    .dataframe tbody tr th:only-of-type {\n",
       "        vertical-align: middle;\n",
       "    }\n",
       "\n",
       "    .dataframe tbody tr th {\n",
       "        vertical-align: top;\n",
       "    }\n",
       "\n",
       "    .dataframe thead th {\n",
       "        text-align: right;\n",
       "    }\n",
       "</style>\n",
       "<table border=\"1\" class=\"dataframe\">\n",
       "  <thead>\n",
       "    <tr style=\"text-align: right;\">\n",
       "      <th></th>\n",
       "      <th>행정구역(시군구)별</th>\n",
       "      <th>총전입 (명)</th>\n",
       "      <th>총전출 (명)</th>\n",
       "    </tr>\n",
       "  </thead>\n",
       "  <tbody>\n",
       "    <tr>\n",
       "      <th>0</th>\n",
       "      <td>전국</td>\n",
       "      <td>506100</td>\n",
       "      <td>506100</td>\n",
       "    </tr>\n",
       "    <tr>\n",
       "      <th>1</th>\n",
       "      <td>서울특별시</td>\n",
       "      <td>91225</td>\n",
       "      <td>94248</td>\n",
       "    </tr>\n",
       "    <tr>\n",
       "      <th>2</th>\n",
       "      <td>부산광역시</td>\n",
       "      <td>31180</td>\n",
       "      <td>31800</td>\n",
       "    </tr>\n",
       "    <tr>\n",
       "      <th>3</th>\n",
       "      <td>대구광역시</td>\n",
       "      <td>22316</td>\n",
       "      <td>22557</td>\n",
       "    </tr>\n",
       "    <tr>\n",
       "      <th>4</th>\n",
       "      <td>인천광역시</td>\n",
       "      <td>30920</td>\n",
       "      <td>28525</td>\n",
       "    </tr>\n",
       "    <tr>\n",
       "      <th>5</th>\n",
       "      <td>광주광역시</td>\n",
       "      <td>13713</td>\n",
       "      <td>14728</td>\n",
       "    </tr>\n",
       "    <tr>\n",
       "      <th>6</th>\n",
       "      <td>대전광역시</td>\n",
       "      <td>17265</td>\n",
       "      <td>17351</td>\n",
       "    </tr>\n",
       "    <tr>\n",
       "      <th>7</th>\n",
       "      <td>울산광역시</td>\n",
       "      <td>8741</td>\n",
       "      <td>9304</td>\n",
       "    </tr>\n",
       "    <tr>\n",
       "      <th>8</th>\n",
       "      <td>세종특별자치시</td>\n",
       "      <td>6221</td>\n",
       "      <td>5459</td>\n",
       "    </tr>\n",
       "    <tr>\n",
       "      <th>9</th>\n",
       "      <td>경기도</td>\n",
       "      <td>138044</td>\n",
       "      <td>131506</td>\n",
       "    </tr>\n",
       "    <tr>\n",
       "      <th>10</th>\n",
       "      <td>강원도</td>\n",
       "      <td>14581</td>\n",
       "      <td>15097</td>\n",
       "    </tr>\n",
       "    <tr>\n",
       "      <th>11</th>\n",
       "      <td>충청북도</td>\n",
       "      <td>16205</td>\n",
       "      <td>16268</td>\n",
       "    </tr>\n",
       "    <tr>\n",
       "      <th>12</th>\n",
       "      <td>충청남도</td>\n",
       "      <td>24994</td>\n",
       "      <td>24311</td>\n",
       "    </tr>\n",
       "    <tr>\n",
       "      <th>13</th>\n",
       "      <td>전라북도</td>\n",
       "      <td>17200</td>\n",
       "      <td>17690</td>\n",
       "    </tr>\n",
       "    <tr>\n",
       "      <th>14</th>\n",
       "      <td>전라남도</td>\n",
       "      <td>16554</td>\n",
       "      <td>16528</td>\n",
       "    </tr>\n",
       "    <tr>\n",
       "      <th>15</th>\n",
       "      <td>경상북도</td>\n",
       "      <td>22636</td>\n",
       "      <td>24286</td>\n",
       "    </tr>\n",
       "    <tr>\n",
       "      <th>16</th>\n",
       "      <td>경상남도</td>\n",
       "      <td>26104</td>\n",
       "      <td>27646</td>\n",
       "    </tr>\n",
       "    <tr>\n",
       "      <th>17</th>\n",
       "      <td>제주특별자치도</td>\n",
       "      <td>8201</td>\n",
       "      <td>8796</td>\n",
       "    </tr>\n",
       "  </tbody>\n",
       "</table>\n",
       "</div>"
      ],
      "text/plain": [
       "   행정구역(시군구)별  총전입 (명)  총전출 (명)\n",
       "0          전국   506100   506100\n",
       "1       서울특별시    91225    94248\n",
       "2       부산광역시    31180    31800\n",
       "3       대구광역시    22316    22557\n",
       "4       인천광역시    30920    28525\n",
       "5       광주광역시    13713    14728\n",
       "6       대전광역시    17265    17351\n",
       "7       울산광역시     8741     9304\n",
       "8     세종특별자치시     6221     5459\n",
       "9         경기도   138044   131506\n",
       "10        강원도    14581    15097\n",
       "11       충청북도    16205    16268\n",
       "12       충청남도    24994    24311\n",
       "13       전라북도    17200    17690\n",
       "14       전라남도    16554    16528\n",
       "15       경상북도    22636    24286\n",
       "16       경상남도    26104    27646\n",
       "17    제주특별자치도     8201     8796"
      ]
     },
     "execution_count": 8,
     "metadata": {},
     "output_type": "execute_result"
    }
   ],
   "source": [
    "df.drop(['순이동 (명)', '순이동 검증'], axis=1, inplace=True)\n",
    "df"
   ]
  },
  {
   "attachments": {},
   "cell_type": "markdown",
   "metadata": {},
   "source": [
    "전국 수치는 필요없다고 판단하여 삭제"
   ]
  },
  {
   "cell_type": "code",
   "execution_count": 9,
   "metadata": {},
   "outputs": [
    {
     "data": {
      "text/html": [
       "<div>\n",
       "<style scoped>\n",
       "    .dataframe tbody tr th:only-of-type {\n",
       "        vertical-align: middle;\n",
       "    }\n",
       "\n",
       "    .dataframe tbody tr th {\n",
       "        vertical-align: top;\n",
       "    }\n",
       "\n",
       "    .dataframe thead th {\n",
       "        text-align: right;\n",
       "    }\n",
       "</style>\n",
       "<table border=\"1\" class=\"dataframe\">\n",
       "  <thead>\n",
       "    <tr style=\"text-align: right;\">\n",
       "      <th></th>\n",
       "      <th>행정구역(시군구)별</th>\n",
       "      <th>총전입 (명)</th>\n",
       "      <th>총전출 (명)</th>\n",
       "    </tr>\n",
       "  </thead>\n",
       "  <tbody>\n",
       "    <tr>\n",
       "      <th>1</th>\n",
       "      <td>서울특별시</td>\n",
       "      <td>91225</td>\n",
       "      <td>94248</td>\n",
       "    </tr>\n",
       "    <tr>\n",
       "      <th>2</th>\n",
       "      <td>부산광역시</td>\n",
       "      <td>31180</td>\n",
       "      <td>31800</td>\n",
       "    </tr>\n",
       "    <tr>\n",
       "      <th>3</th>\n",
       "      <td>대구광역시</td>\n",
       "      <td>22316</td>\n",
       "      <td>22557</td>\n",
       "    </tr>\n",
       "    <tr>\n",
       "      <th>4</th>\n",
       "      <td>인천광역시</td>\n",
       "      <td>30920</td>\n",
       "      <td>28525</td>\n",
       "    </tr>\n",
       "    <tr>\n",
       "      <th>5</th>\n",
       "      <td>광주광역시</td>\n",
       "      <td>13713</td>\n",
       "      <td>14728</td>\n",
       "    </tr>\n",
       "    <tr>\n",
       "      <th>6</th>\n",
       "      <td>대전광역시</td>\n",
       "      <td>17265</td>\n",
       "      <td>17351</td>\n",
       "    </tr>\n",
       "    <tr>\n",
       "      <th>7</th>\n",
       "      <td>울산광역시</td>\n",
       "      <td>8741</td>\n",
       "      <td>9304</td>\n",
       "    </tr>\n",
       "    <tr>\n",
       "      <th>8</th>\n",
       "      <td>세종특별자치시</td>\n",
       "      <td>6221</td>\n",
       "      <td>5459</td>\n",
       "    </tr>\n",
       "    <tr>\n",
       "      <th>9</th>\n",
       "      <td>경기도</td>\n",
       "      <td>138044</td>\n",
       "      <td>131506</td>\n",
       "    </tr>\n",
       "    <tr>\n",
       "      <th>10</th>\n",
       "      <td>강원도</td>\n",
       "      <td>14581</td>\n",
       "      <td>15097</td>\n",
       "    </tr>\n",
       "    <tr>\n",
       "      <th>11</th>\n",
       "      <td>충청북도</td>\n",
       "      <td>16205</td>\n",
       "      <td>16268</td>\n",
       "    </tr>\n",
       "    <tr>\n",
       "      <th>12</th>\n",
       "      <td>충청남도</td>\n",
       "      <td>24994</td>\n",
       "      <td>24311</td>\n",
       "    </tr>\n",
       "    <tr>\n",
       "      <th>13</th>\n",
       "      <td>전라북도</td>\n",
       "      <td>17200</td>\n",
       "      <td>17690</td>\n",
       "    </tr>\n",
       "    <tr>\n",
       "      <th>14</th>\n",
       "      <td>전라남도</td>\n",
